59.13333333333334
59.13333333333334
59.4
59.4
59.4
59.4
59.66666666666667
59.66666666666667
59.66666666666667
59.66666666666667
59.66666666666667
59.66666666666667
59.66666666666667
59.66666666666667
65.06666666666666
65.06666666666666
65.06666666666666
65.06666666666666
65.13333333333333
65.13333333333333
65.13333333333333
65.13333333333333
65.13333333333333
65.13333333333333
65.13333333333333
65.13333333333333
65.13333333333333
65.13333333333333
65.4
65.4
65.4
65.4
65.4
65.4
65.4
65.4
65.4
65.4
65.4
65.4
68.33333333333333
68.33333333333333
68.33333333333333
68.33333333333333
68.33333333333333
68.33333333333333
68.4
68.4
68.4
68.4
69.33333333333334
69.33333333333334
70.19999999999999
70.19999999999999
70.86666666666666
70.86666666666666
70.86666666666666
70.86666666666666
72.06666666666666
72.06666666666666
72.06666666666666
72.06666666666666
72.06666666666666
72.06666666666666
73.13333333333333
73.13333333333333
73.13333333333333
73.13333333333333
73.13333333333333
73.13333333333333
73.13333333333333
73.13333333333333
73.2
73.2
73.2
73.2
73.26666666666667
73.26666666666667
73.26666666666667
73.26666666666667
73.26666666666667
73.26666666666667
73.26666666666667
73.26666666666667
73.26666666666667
73.26666666666667
73.26666666666667
73.26666666666667
73.26666666666667
73.26666666666667
73.26666666666667
73.26666666666667
73.26666666666667
73.26666666666667
73.26666666666667
73.26666666666667
73.26666666666667
73.26666666666667
73.26666666666667
