59.13333333333334
59.4
59.53333333333334
59.66666666666667
64.8
64.86666666666666
64.93333333333334
65.0
65.06666666666666
65.06666666666666
65.13333333333333
65.13333333333333
65.26666666666667
65.26666666666667
65.26666666666667
65.4
67.86666666666666
68.0
68.13333333333334
68.2
68.26666666666667
68.33333333333333
68.33333333333333
68.33333333333333
68.4
68.4
69.33333333333334
70.19999999999999
70.86666666666666
71.46666666666667
72.06666666666666
72.93333333333332
73.06666666666666
73.13333333333333
73.13333333333333
73.13333333333333
73.13333333333333
73.2
73.2
73.26666666666667
73.26666666666667
74.2
74.33333333333333
74.4
74.46666666666667
74.53333333333333
74.6
74.6
74.8
74.86666666666667
74.86666666666667
74.93333333333332
75.06666666666668
75.13333333333333
75.2
75.26666666666667
75.33333333333333
75.4
76.2
76.26666666666667
76.33333333333333
76.8
77.2
77.53333333333333
77.86666666666666
78.2
78.53333333333333
78.86666666666666
79.33333333333333
79.4
79.46666666666667
79.46666666666667
79.86666666666666
80.13333333333334
80.66666666666666
80.80000000000001
80.93333333333334
81.0
81.26666666666667
81.26666666666667
81.39999999999999
81.53333333333333
81.66666666666667
81.66666666666667
81.8
81.8
81.86666666666666
81.93333333333334
81.93333333333334
82.0
82.06666666666666
82.13333333333334
82.19999999999999
82.46666666666667
83.06666666666666
83.2
83.33333333333334
83.33333333333334
83.33333333333334
83.46666666666667
