52.33333333333333
53.93333333333333
55.2
56.46666666666667
57.266666666666666
57.93333333333334
58.4
58.86666666666667
59.266666666666666
59.66666666666667
60.06666666666667
60.4
60.73333333333333
61.06666666666667
61.4
61.66666666666667
61.93333333333333
62.2
62.46666666666667
62.73333333333333
63.0
63.26666666666667
63.53333333333333
63.800000000000004
64.06666666666668
64.33333333333333
64.60000000000001
64.8
65.0
65.2
65.4
65.60000000000001
65.8
66.0
66.2
66.4
66.60000000000001
66.8
67.0
67.2
67.4
67.60000000000001
67.80000000000001
68.0
68.2
68.4
68.60000000000001
68.73333333333333
68.86666666666666
69.0
69.13333333333334
69.26666666666667
69.39999999999999
69.53333333333333
69.66666666666667
69.8
69.93333333333334
70.06666666666666
70.19999999999999
70.33333333333334
70.46666666666667
70.6
70.73333333333333
70.86666666666666
71.0
71.13333333333334
71.26666666666667
71.39999999999999
71.53333333333333
71.66666666666667
71.8
71.93333333333334
72.06666666666666
72.2
72.33333333333334
72.46666666666667
72.6
72.73333333333333
72.86666666666667
73.0
73.13333333333333
73.26666666666667
73.4
73.53333333333333
73.66666666666667
73.8
73.93333333333332
74.06666666666666
74.2
74.33333333333333
74.46666666666667
74.6
74.73333333333333
74.86666666666667
75.0
75.13333333333333
75.26666666666667
75.4
75.46666666666667
75.53333333333333
